///////////// A1. THERE DO BE MATRICES //////////// 

 Randomly constructed matrix

         7          6          4 
         4          6          7 
         9          4          3 
         9          7          7 
         7          3          0 
         8          1          1 
         1          0          8 
         5          9          0 

 a single column(vector)
         6          6          4          7          3          1          0          9 

////////////////// QR decompositon ///////////
Q:--------------------------------------------

     0.366      0.168      0.044 
     0.209      0.399        0.4 
      0.47     -0.221    -0.0386 
      0.47      0.132      0.255 
     0.366     -0.185      -0.25 
     0.418     -0.498     -0.118 
    0.0523     -0.077      0.742 
     0.261      0.676     -0.381 
R:--------------------------------------------

      19.1       12.5       8.47 
         0       8.48       2.62 
         0          0       10.5 

 upper Triangular bby, look at this beaut

---------------------------------------------

///////////// TESTs /////////////////////7777

////////////// QtQ = 1 //////////////////////

         1   8.33e-17   6.94e-17 
  8.33e-17          1   5.55e-17 
  6.94e-17   5.55e-17          1 

///////////// QR = A ////////////////////////

QR--------------------------------------------
         7          6          4 
         4          6          7 
         9          4          3 
         9          7          7 
         7          3          0 
         8          1          1 
         1          0          8 
         5          9          0 
A--------------------------------------------
         7          6          4 
         4          6          7 
         9          4          3 
         9          7          7 
         7          3          0 
         8          1          1 
         1          0          8 
         5          9          0 





////////////////// A.2 ///////////////////////////
sqare matrix A :

         1          5          3          1 
         2          0          6          3 
         0          4          0          3 
         4          7          0          8 

vector b:
         8          7          4          5 

solving Ax = b, A=QR

solution X:
    -0.581      0.912        1.3      0.118 
A*x:
         8          7          4          5 




//////////////// B /////////////////////
reusing same square matrix A:

         1          5          3          1 
         2          0          6          3 
         0          4          0          3 
         4          7          0          8 

inverse matrix A⁻1

     0.162    -0.0809      -0.64       0.25 
     0.176    -0.0882     0.0294   1.35e-17 
    0.0637      0.135     0.0662    -0.0833 
    -0.235      0.118      0.294   -1.3e-16 

Checking the relation A*A⁻1 = 1


         1   1.53e-16  -2.22e-16   3.69e-17 
  3.33e-16          1  -2.22e-16  -1.67e-16 
 -3.33e-16  -2.78e-16          1  -3.35e-16 
  2.22e-16  -1.11e-16  -4.44e-16          1 

Which is indeed the unit matrix
