///////////// A1. THERE DO BE MATRICES //////////// 

 Randomly constructed matrix

         2          1          0 
         4          9          0 
         1          1          4 
         0          4          9 
         8          0          4 
         5          4          4 
         7          8          3 
         0          3          0 

 a single column(vector)
         1          9          1          4          0          4          8          3 

////////////////// QR decompositon ///////////
Q:--------------------------------------------

     0.159    -0.0436    -0.0887 
     0.317      0.596     -0.344 
    0.0793      0.027      0.354 
         0      0.391      0.828 
     0.634     -0.565      0.151 
     0.397     0.0375      0.153 
     0.555      0.287      -0.11 
         0      0.293    -0.0713 
R:--------------------------------------------

      12.6       9.12       6.11 
         0       10.2       2.37 
         0          0       9.75 

 upper Triangular bby, look at this beaut

---------------------------------------------

///////////// TESTs /////////////////////7777

////////////// QtQ = 1 //////////////////////

         1  -1.11e-16  -4.86e-17 
 -1.11e-16          1  -4.16e-17 
 -4.86e-17  -4.16e-17          1 

///////////// QR = A ////////////////////////

QR--------------------------------------------
         2          1          0 
         4          9          0 
         1          1          4 
         0          4          9 
         8          0          4 
         5          4          4 
         7          8          3 
         0          3          0 
A--------------------------------------------
         2          1          0 
         4          9          0 
         1          1          4 
         0          4          9 
         8          0          4 
         5          4          4 
         7          8          3 
         0          3          0 





////////////////// A.2 ///////////////////////////
sqare matrix A :

         8          0          5          1 
         8          3          8          8 
         7          6          6          3 
         7          5          6          6 

vector b:
         5          5          6          6 

solving Ax = b, A=QR

solution X:
      1.08      0.425     -0.756      0.142 
A*x:
         5          5          6          6 




//////////////// B /////////////////////
reusing same square matrix A:

         8          0          5          1 
         8          3          8          8 
         7          6          6          3 
         7          5          6          6 

inverse matrix A⁻1

      0.24      -0.36      -0.32        0.6 
   -0.0873     -0.142      0.116      0.145 
    -0.178      0.585      0.571      -1.04 
   -0.0291    -0.0473     -0.295      0.382 

Checking the relation A*A⁻1 = 1


         1   8.12e-16   9.44e-16  -3.83e-15 
  1.08e-15          1   2.22e-15  -4.44e-16 
  7.63e-16   2.44e-15          1  -8.88e-16 
 -3.58e-15  -4.44e-16  -8.88e-16          1 

Which is indeed the unit matrix
